100
2
tileset_3 32
tileset_test 32
128
10 10
[0 1 1 1.0 0.0] [0 2 1 1.0 0.0] [0 0 1 1.0 0.0] [0 0 1 1.0 0.0] [0 0 1 1.0 0.0] [0 0 1 1.0 0.0] [0 0 1 1.0 0.0] [0 0 1 1.0 0.0] [0 0 1 1.0 0.0] [0 0 1 1.0 0.0]
[0 3 1 1.0 0.0] [0 4 1 1.0 0.0] [0 0 1 1.0 0.0] [0 0 1 1.0 0.0] [0 0 1 1.0 0.0] [0 0 1 1.0 0.0] [0 0 1 1.0 0.0] [0 0 1 1.0 0.0] [0 0 1 1.0 0.0] [0 0 1 1.0 0.0]
[0 5 1 1.0 0.0] [0 6 1 1.0 0.0] [0 0 1 1.0 0.0] [0 0 1 1.0 0.0] [0 0 1 1.0 0.0] [0 0 1 1.0 0.0] [0 0 1 1.0 0.0] [0 0 1 1.0 0.0] [0 0 1 1.0 0.0] [0 0 1 1.0 0.0]
[0 0 1 1.0 0.0] [0 0 1 1.0 0.0] [0 0 1 1.0 0.0] [0 0 1 1.0 0.0] [0 0 1 1.0 0.0] [0 0 1 1.0 0.0] [0 0 1 1.0 0.0] [0 14 1 1.0 0.0] [0 14 1 1.0 0.0] [0 0 1 1.0 0.0]
[0 0 1 1.0 0.0] [0 7 1 1.0 0.0] [0 7 1 1.0 0.0] [0 0 1 1.0 0.0] [0 0 1 1.0 0.0] [0 1 1 1.0 0.0] [0 0 1 1.0 0.0] [0 14 1 1.0 0.0] [0 14 1 1.0 0.0] [0 0 1 1.0 0.0]
[0 0 1 1.0 0.0] [0 7 1 1.0 0.0] [0 2 1 1.0 0.0] [0 0 1 1.0 0.0] [0 0 1 1.0 0.0] [0 1 1 1.0 0.0] [0 1 1 1.0 0.0] [0 14 1 1.0 0.0] [0 14 1 1.0 0.0] [0 0 1 1.0 0.0]
[0 0 1 1.0 0.0] [0 2 1 1.0 0.0] [0 2 1 1.0 0.0] [0 0 1 1.0 0.0] [0 0 1 1.0 0.0] [0 2 1 1.0 0.0] [0 1 1 1.0 0.0] [0 1 1 1.0 0.0] [0 14 1 1.0 0.0] [0 0 1 1.0 0.0]
[0 0 1 1.0 0.0] [0 2 1 1.0 0.0] [0 0 1 1.0 0.0] [0 0 1 1.0 0.0] [0 0 1 1.0 0.0] [0 2 1 1.0 0.0] [0 2 1 1.0 0.0] [0 1 1 1.0 0.0] [0 14 1 1.0 0.0] [0 0 1 1.0 0.0]
[0 2 1 1.0 0.0] [0 2 1 1.0 0.0] [0 0 1 1.0 0.0] [0 0 1 1.0 0.0] [0 0 1 1.0 0.0] [0 0 1 1.0 0.0] [0 7 1 1.0 0.0] [0 1 1 1.0 0.0] [0 14 1 1.0 0.0] [0 0 1 1.0 0.0]
[0 2 1 1.0 0.0] [0 2 1 1.0 0.0] [0 0 1 1.0 0.0] [0 0 1 1.0 0.0] [0 0 1 1.0 0.0] [0 0 1 1.0 0.0] [0 0 1 1.0 0.0] [0 0 1 1.0 0.0] [0 14 1 1.0 0.0] [0 0 1 1.0 0.0]