100
tileset_0
32 32
10 10
[0 1 0.0] [0 1 0.0] [0 1 0.0] [0 1 0.0] [0 1 0.0] [0 1 0.0] [0 1 0.0] [0 1 0.0] [0 1 0.0] [0 1 0.0]
[0 1 0.0] [0 1 0.0] [0 1 0.0] [0 1 0.0] [0 1 0.0] [0 1 0.0] [0 1 0.0] [0 1 0.0] [0 1 0.0] [0 1 0.0]
[0 1 0.0] [0 1 0.0] [0 1 0.0] [0 1 0.0] [0 1 0.0] [0 1 0.0] [0 1 0.0] [0 1 0.0] [0 1 0.0] [0 1 0.0]
[0 1 0.0] [0 1 0.0] [0 1 0.0] [0 1 0.0] [0 1 0.0] [0 1 0.0] [0 1 0.0] [0 1 0.0] [0 1 0.0] [0 1 0.0]
[0 1 0.0] [0 1 0.0] [0 1 0.0] [0 1 0.0] [0 1 0.0] [0 1 0.0] [0 1 0.0] [0 1 0.0] [0 1 0.0] [0 1 0.0]
[0 1 0.0] [2 0 0.0] [0 1 0.0] [0 1 0.0] [0 1 0.0] [0 1 0.0] [0 1 0.0] [0 1 0.0] [0 1 0.0] [0 1 0.0]
[0 1 0.0] [3 0 0.0] [0 1 0.0] [0 1 0.0] [0 1 0.0] [2 0 0.0] [0 1 0.0] [0 1 0.0] [0 1 0.0] [0 1 0.0]
[0 1 0.0] [4 0 180.0] [3 0 90.0] [3 0 90.0] [3 0 90.0] [4 0 90.0] [0 1 0.0] [0 1 0.0] [0 1 0.0] [0 1 0.0]
[0 1 0.0] [0 1 0.0] [0 1 0.0] [0 1 0.0] [0 1 0.0] [0 1 0.0] [0 1 0.0] [0 1 0.0] [0 1 0.0] [0 1 0.0]
[0 1 0.0] [0 1 0.0] [0 1 0.0] [0 1 0.0] [0 1 0.0] [0 1 0.0] [0 1 0.0] [0 1 0.0] [0 1 0.0] [0 1 0.0]