100
tileset_3
128 128
10 10
[0 0 1.0 0.0] [0 0 1.0 0.0] [0 0 1.0 0.0] [0 0 1.0 0.0] [0 0 1.0 0.0] [0 0 1.0 0.0] [0 0 1.0 0.0] [0 0 1.0 0.0] [0 0 1.0 0.0] [0 0 1.0 0.0]
[0 0 1.0 0.0] [0 0 1.0 0.0] [0 0 1.0 0.0] [0 0 1.0 0.0] [0 0 1.0 0.0] [0 0 1.0 0.0] [0 0 1.0 0.0] [0 0 1.0 0.0] [0 0 1.0 0.0] [0 0 1.0 0.0]
[0 0 1.0 0.0] [0 0 1.0 0.0] [0 0 1.0 0.0] [0 0 1.0 0.0] [0 0 1.0 0.0] [0 0 1.0 0.0] [0 0 1.0 0.0] [0 0 1.0 0.0] [0 0 1.0 0.0] [0 0 1.0 0.0]
[0 0 1.0 0.0] [0 0 1.0 0.0] [0 0 1.0 0.0] [0 0 1.0 0.0] [0 0 1.0 0.0] [0 0 1.0 0.0] [0 0 1.0 0.0] [0 0 1.0 0.0] [0 0 1.0 0.0] [0 0 1.0 0.0]
[0 0 1.0 0.0] [0 0 1.0 0.0] [0 0 1.0 0.0] [0 0 1.0 0.0] [0 0 1.0 0.0] [0 0 1.0 0.0] [0 0 1.0 0.0] [0 0 1.0 0.0] [0 0 1.0 0.0] [0 0 1.0 0.0]
[0 0 1.0 0.0] [0 0 1.0 0.0] [0 0 1.0 0.0] [0 0 1.0 0.0] [0 0 1.0 0.0] [0 0 1.0 0.0] [0 0 1.0 0.0] [0 0 1.0 0.0] [0 0 1.0 0.0] [0 0 1.0 0.0]
[0 0 1.0 0.0] [0 0 1.0 0.0] [0 0 1.0 0.0] [0 0 1.0 0.0] [0 0 1.0 0.0] [0 0 1.0 0.0] [0 0 1.0 0.0] [0 0 1.0 0.0] [0 0 1.0 0.0] [0 0 1.0 0.0]
[0 0 1.0 0.0] [0 0 1.0 0.0] [0 0 1.0 0.0] [0 0 1.0 0.0] [0 0 1.0 0.0] [0 0 1.0 0.0] [0 0 1.0 0.0] [0 0 1.0 0.0] [0 0 1.0 0.0] [0 0 1.0 0.0]
[0 0 1.0 0.0] [0 0 1.0 0.0] [0 0 1.0 0.0] [0 0 1.0 0.0] [0 0 1.0 0.0] [0 0 1.0 0.0] [0 0 1.0 0.0] [0 0 1.0 0.0] [0 0 1.0 0.0] [0 0 1.0 0.0]
[0 0 1.0 0.0] [0 0 1.0 0.0] [0 0 1.0 0.0] [0 0 1.0 0.0] [0 0 1.0 0.0] [0 0 1.0 0.0] [0 0 1.0 0.0] [0 0 1.0 0.0] [0 0 1.0 0.0] [0 0 1.0 0.0]
