100
tileset_0
32 32
10 10
[4 0 1.0 270.0] [0 1 1.0 0.0] [3 0 1.0 90.0] [3 0 1.0 90.0] [3 0 1.0 90.0] [3 0 1.0 90.0] [3 0 1.0 90.0] [3 0 1.0 90.0] [3 0  0.0 90.0] [4 0 1.0 0.0]
[3 0 1.0 0.0] [0 1 1.0 0.0] [0 1 1.0 0.0] [0 1 1.0 0.0] [0 1 1.0 0.0] [3 0 1.0 0.0] [0 1 1.0 0.0] [0 1 1.0 0.0] [0 1 1.0 0.0] [3 0 1.0 0.0]
[3 0 1.0 0.0] [0 1 1.0 0.0] [2 0 1.0 270.0] [4 0 1.0 0.0] [0 1 1.0 0.0] [4 0 1.0 270.0] [3 0 1.0 90.0] [4 0 1.0 0.0] [0 1 1.0 0.0] [3 0 1.0 0.0]
[3 0 1.0 0.0] [0 1 1.0 0.0] [0 1 1.0 0.0] [3 0 1.0 90.0] [0 1 1.0 0.0] [0 1 1.0 0.0] [0 1 1.0 0.0] [3 0 1.0 0.0] [0 1 1.0 0.0] [3 0 1.0 0.0]
[5 0 1.0 270.0] [3 0 1.0 90.0] [3 0 1.0 90.0] [5 0 1.0 180.0] [3 0 1.0 90.0] [2 0 1.0 90.0] [0 1 1.0 0.0] [3 0 1.0 0.0] [0 1 1.0 0.0] [3 0 1.0 0.0]
[3 0 1.0 0.0] [0 1 1.0 0.0] [0 1 1.0 0.0] [0 1 1.0 0.0] [0 1 1.0 0.0] [0 1 1.0 0.0] [0 1 1.0 0.0] [2 0 1.0 180.0] [0 1 1.0 0.0] [3 0 1.0 0.0]
[3 0 1.0 0.0] [0 1 1.0 0.0] [2 0 1.0 270.0] [4 0 1.0 0.0] [0 1 1.0 0.0] [0 1 1.0 0.0] [0 1 1.0 0.0] [0 1 1.0 0.0] [0 1 1.0 0.0] [3 0 1.0 0.0]
[3 0 1.0 0.0] [0 1 1.0 0.0] [0 1 1.0 0.0] [2 0 1.0 180.0] [0 1 1.0 0.0] [2 0 1.0 270.0] [3 0 1.0 90.0] [2 0 1.0 90.0] [0 1 1.0 0.0] [3 0 1.0 0.0]
[3 0 1.0 0.0] [0 1 1.0 0.0] [0 1 1.0 0.0] [0 1 1.0 0.0] [0 1 1.0 0.0] [0 1 1.0 0.0] [0 1 1.0 0.0] [0 1 1.0 0.0] [0 1 1.0 0.0] [3 0 1.0 0.0]
[4 0 1.0 270.0] [3 0 1.0 90.0] [3 0 1.0 90.0] [3 0 1.0 90.0] [3 0 1.0 90.0] [3 0 1.0 90.0] [0 1 1.0 0.0] [3 0 1.0 90.0] [3 0 1.0 90.0] [4 0 1.0 90.0]